Gate Report
===========
Input: data\12008_001.wav
Sample rate: 16000 Hz
Samples: 28291200
Duration: 1768.200 s

Params
------
frame_ms: 20.0
hop_ms: 10.0
dominance_db_threshold: 3.0
energy_floor_percentile: 30.0

Stats
-----
left_rms_before_db: -28.870036886253843
left_rms_after_db: -29.446253577197727
right_rms_before_db: -32.222826651828285
right_rms_after_db: -36.272866372925506
corr_before: -0.07001014991376926
corr_after: -4.599460393785989e-06
shared_peak_gain: 1.0
